19000001
19000002
19000003
19000004
19000005
19000006
19000007
19000008
19000009
19000010
19000011
19000012
19000013
19000014
19000015
19000016
19000017
19000018
19000019
19000020
19000021
19000022
19000023
19000024
19000025
19000026
19000027
19000028
19000029
19000030
19000031
19000032
19000033
19000034
19000035
19000036
19000037
19000038
19000039
19000040
19000041
19000042
19000043
19000044
19000045
19000046
19000047
19000048
19000049
19000050
19000051
19000052
19000053
19000054
19000055
19000056
19000057
19000058
19000059
19000060
19000061
19000062
19000063
19000064
19000065
19000066
19000067
19000068
19000069
19000070
19000071
19000072
19000073
19000074
19000075
19000076
19000077
19000078
19000079
19000080
19000081
19000082
19000083
19000084
19000085
19000086
19000087
19000088
19000089
19000090
19000091
19000092
19000093
19000094
19000095
19000096
19000097
19000098
19000099
19000100
20120001
20122002
20124003
20126004
20128005
20130006
20132007
20134008
20136009
20138010
20140011
20142012
20144013
20146014
20148015
20150016
20152017
20154018
20156019
20158020
20160021
20162022
20164023
20166024
20168025
20170026
20172027
20174028
20176029
20178030
20180031
20182032
20184033
20186034
20188035
20190036
20192037
20194038
20196039
20198040
20200041
20202042
20204043
20206044
20208045
20210046
20212047
20214048
20216049
20218050
20220051
20222052
20224053
20226054
20228055
20230056
20232057
20234058
20236059
20238060
20240061
20242062
20244063
20246064
20248065
20250066
20252067
20254068
20256069
20258070
20260071
20262072
20264073
20266074
20268075
20270076
20272077
20274078
20276079
20278080
20280081
20282082
20284083
20286084
20288085
20290086
20292087
20294088
20296089
20298090
20300091
20302092
20304093
20306094
20308095
20310096
20312097
20314098
20316099
20318100
18125051
18125052
18125053
18125054
18125055
18125056
18125057
18125058
18125059
18125060
18125061
18125062
18125063
18125064
18125065
18125066
18125067
18125068
18125069
18125070
18125071
18125072
18125073
18125074
18125075
18125076
18125077
18125078
18125079
18125080
18125081
18125082
18125083
18125084
18125085
18125086
18125087
18125088
18125089
18125090
18125091
18125092
18125093
18125094
18125095
18125096
18125097
18125098
18125099
18125100
18125051
18125052
18125053
18125054
18125055
18125056
18125057
18125058
18125059
18125060
18125061
18125062
18125063
18125064
18125065
18125066
18125067
18125068
18125069
18125070
18125071
18125072
18125073
18125074
18125075
18125076
18125077
18125078
18125079
18125080
18125081
18125082
18125083
18125084
18125085
18125086
18125087
18125088
18125089
18125090
18125091
18125092
18125093
18125094
18125095
18125096
18125097
18125098
18125099
18125100
17125001
17125002
17125003
17125004
17125005
17125006
17125007
17125008
17125009
17125010
17125011
17125012
17125013
17125014
17125015
17125016
17125017
17125018
17125019
17125020
17125021
17125022
17125023
17125024
17125025
17125026
17125027
17125028
17125029
17125030
17125031
17125032
17125033
17125034
17125035
17125036
17125037
17125038
17125039
17125040
17125041
17125042
17125043
17125044
17125045
17125046
17125047
17125048
17125049
17125050
17125051
17125052
17125053
17125054
17125055
17125056
17125057
17125058
17125059
17125060
17125061
17125062
17125063
17125064
17125065
17125066
17125067
17125068
17125069
17125070
17125071
17125072
17125073
17125074
17125075
17125076
17125077
17125078
17125079
17125080
17125081
17125082
17125083
17125084
17125085
17125086
17125087
17125088
17125089
17125090
17125091
17125092
17125093
17125094
17125095
17125096
17125097
17125098
17125099
17125100
